No	Fecha de Ingreso	SUELDO	PUESTO 
1052458	20210906	250000	DIRECTOR
990597	20201008	30000	GERENTE
981491	20130507	17550	ANALISTA
1025228	20210802	9750	ANALISTA
0	20241101	15000	ANALISTA
1070574	20220801	81900	GERENTE
1041522	20211206	65000	GERENTE
1075115	20211223	230000	DIRECTOR
1040033	20211122	46000	CONSULTOR
1148291	20240717	105000	GERENTE
1039035	20211116	9750	ANALISTA
1039036	20211116	15000	ANALISTA
1151349	20240815	28000	CHOFER
981501	20190601	37502.1	DESARROLLADOR
1025216	20210716	61875	GERENTE
980569	20160204	76895.22	DESARROLLADOR
980591	20190624	54720	GERENTE
988683	20200915	80499.9	GERENTE
675886	20081201	155713.887	DIRECTOR DE DEPARTAMENTO 
1025240	20210802	14949.89	ANALISTA
1020160	20210616	30000	COORDINADOR
320820	20170901	59100	GERENTE
1035210	20211018	20000	COORDINADOR
1025200	20210716	45287	DESARROLLADOR
981506	20191216	15000	ANALISTA
983040	20200406	15000	ANALISTA
1008999	20210215	38000	CONSULTOR
980593	20191119	15600	EJECUTIVO DE CUENTA
980575	20131217	72873.9	GERENTE
979754	20190903	11869.65	ANALISTA
982219	20170524	15000	ANALISTA
562719	20030716	390173.47	DIRECTOR GENERAL 
983038	20180713	22500	ADMINISTRADOR SAS
521363	20000731	254310.9	DIRECTOR
1014677	20210422	35000.1	COORDINADOR
39034	20180817	45000	GERENTE
1035213	20211018	25000	RECEPCIONISTA
979765	20111003	19500	ANALISTA
978128	20160627	16899.9	ANALISTA
980589	20190506	44000.1	DESARROLLADOR
784773	20201103	63500.13	COORDINADOR
607746	20050809	29288.1	COORDINADOR
979769	20170327	9130.5	ANALISTA
982216	20140410	15600	ANALISTA
982215	20130319	18000	ANALISTA
1025199	20210716	51994	DESARROLLADOR
980576	20161018	19500	ASISTENTE
981504	20190508	42999.9	DESARROLLADOR
974454	20200311	105612	GERENTE
980585	20180705	32500	DESARROLLADOR
981492	20140917	40000	GERENTE
39662	20180920	94380	GERENTE
981499	20171215	32499.9	DESARROLLADOR
787960	20201216	102000	GERENTE
968086	20200121	165000	DIRECTOR DE DEPARTAMENTO 
1025227	20210802	9750	ANALISTA
979738	20161024	9750.8607	ANALISTA
686699	20090901	151389.72	DIRECTOR DE DEPARTAMENTO 
981502	20190617	50000	COORDINADOR
1060813	20220516	10000	ANALISTA
980578	20170717	20000.1	COORDINADOR
784155	20201026	90000	GERENTE
0	20241001	35000	COORDINADOR
978129	20160912	68328	GERENTE
751618	20120102	153208.869	DIRECTOR DE DEPARTAMENTO 
1037161	20211101	92000	GERENTE
583820	20040701	19946.19	EJECUTIVO DE CUENTA
1095265	20230213	12300	ANALISTA
1070172	20210716	44800	GERENTE
979757	20171103	55000	GERENTE
981505	20191028	22000	EJECUTIVO DE CUENTA
689597	20091016	171680.1	DIRECTOR DE DEPARTAMENTO 
980582	20151215	45000	DESARROLLADOR
1025189	20210716	43569	DESARROLLADOR
1033283	20211004	15000	SOPORTE
1151734	20240819	20000	INGENIERO
968837	20200127	230000.1	DIRECTOR DE DEPARTAMENTO 
664738	20080318	20000.1	ANALISTA
983036	20191031	47000.1	DESARROLLADOR
980584	20180416	15600	EJECUTIVO DE CUENTA
1028662	20210830	42120	COORDINADOR
1025190	20210716	38113	DESARROLLADOR
979748	20130529	22100.13	COORDINADOR
1025211	20210802	30000	DESARROLLADOR
978149	20191014	62790	GERENTE
1020752	20210621	100000	GERENTE
1109434	20230703	50000	COORDINADOR
1031502	20210922	29900	COORDINADOR
802947	20110110	104650	GERENTE
0	20241001	81502	GERENTE
1144461	20240611	68000	GERENTE
980574	20120903	52000	GERENTE
583285	20040623	39999.9	COORDINADOR
1042435	20211213	30000	CONSULTOR
1025237	20210716	45000	GERENTE
1020158	20210616	58500	GERENTE
1138421	20240408	9750	ANALISTA
980580	20171011	45000	ANALISTA
333583	20160609	77640.07	GERENTE
991392	20110117	63219	GERENTE
978143	20190401	59799.9	COORDINADOR
874549	20110118	54600	GERENTE
963601	20191216	65000	GERENTE
982227	20180601	18251.1	ANALISTA
0	20241001	10000	ANALISTA
36354	20130731	20000	ANALISTA
919629	20130923	64811.37	GERENTE
593163	20101101	122199.9	GERENTE
918449	20120509	68949.9	GERENTE
373401	20180816	121527.9	HEAD
983045	20100816	12480.12	ANALISTA
1025230	20210801	75000	GERENTE
1066110	20210716	82500	GERENTE
1025188	20210716	39608	DESARROLLADOR
983033	20180719	69999.9	GERENTE
1031256	20210920	35000	COORDINADOR
979751	20180402	9130.5	ANALISTA
1066697	20220704	10000	ANALISTA
983937	20200716	13800	ANALISTA
203884	20161001	55398	COORDINADOR
1135829	20240311	12000	ANALISTA
320816	20170901	65838.9	DESARROLLADOR
1020191	20210616	78000	GERENTE
978132	20170410	39549.9	GERENTE
982228	20180611	19500	EJECUTIVO DE CUENTA
1037160	20211101	32500	EJECUTIVO DE CUENTA
980583	20180129	58500	GERENTE
1025855	20210809	26000	EJECUTIVO DE CUENTA
1025238	20210802	215000	DIRECTOR
1030397	20210913	20000	ANALISTA
981503	20190805	42999.9	DESARROLLADOR
978126	20120801	45789	GERENTE
1026979	20210816	58275	CONSULTOR
980579	20170807	20000.1	ANALISTA
0	20241001	95000	GERENTE
563433	20030804	162432	DIRECTOR DE DEPARTAMENTO 
1012943	20210405	51750	COORDINADOR
1014676	20210422	16899.9	ANALISTA
1038007	20211108	20000	EJECUTIVO DE CUENTA
1038008	20211108	30000	GERENTE
1039034	20211116	9750	ANALISTA
1138465	20240408	25000	CONSULTOR
1099864	20230403	30000	EJECUTIVO DE CUENTA
1042450	20211208	48000	CONSULTOR
1044195	20220103	58500	COORDINADOR
1049707	20220214	30000	DESARROLLADOR
1070303	20220124	30000	EJECUTIVO DE CUENTA
1042440	20211213	34000	GERENTE
1044193	20220103	84500	GERENTE
1046923	20220124	12000	EJECUTIVO DE CUENTA
1048056	20220201	87000	GERENTE
1051634	20220301	45000	COORDINADOR
1052455	20220307	13800	ANALISTA
1052509	20220307	13800	ANALISTA
1054398	20220322	30000	CONSULTOR JR
1054405	20220322	69999.9	GERENTE
1056014	20220404	14949.885	ANALISTA
1056063	20220404	35000.1	DESARROLLADOR
1008301	20220406	201278.1	DIRECTOR
1057449	20220418	90000	GERENTE
1060885	20220516	13000	ANALISTA
1060889	20220516	95000	GERENTE
1113832	20230807	40000	DESARROLLADOR
1136600	20240319	30000	ANALISTA
1062742	20220601	70000	COORDINADOR
1062732	20220601	90000	GERENTE
1098306	20230321	35000	EJECUTIVO DE CUENTA
0	20240923	10666.66667	DESARROLLADOR
1132828	20240212	75000	GERENTE
1092368	20230116	20000	ANALISTA
0	20241115	30000	ANALISTA
1094741	20230207	125000	GERENTE
1095264	20230213	110000	GERENTE
1064912	20220620	80000	COORDINADOR
1064872	20220620	45000	COORDINADOR
1025236	20210716	21969.9	ANALISTA
1137239	20240325	45000	DESARROLLADOR
1068618	20220718	20000	ANALISTA
1070672	20220801	90000	GERENTE
1072560	20220815	30000	CONSULTOR JR
1072561	20220815	13000	ANALISTA
1072576	20220815	30000	CONSULTOR JR
1154178	20240916	12500	EJECUTIVO DE CUENTA
1072694	20220815	80000	DESARROLLADOR
1074671	20220829	45500	INGENIERO
1076764	20220912	20000	ANALISTA
1078830	20220926	77001.23	GERENTE
1078831	20220926	9750	ANALISTA
1081037	20221010	70000	LIDER
1097533	20230313	30000	COORDINADOR
1083206	20221024	9750	ANALISTA
1083209	20221024	45000	GERENTE
1083283	20221024	30000	COORDINADOR
0	20241002	168000	HEAD
0	20240918	49833.33333	GERENTE
787066	20201201	134400	GERENTE
0	20241001	40000	DESARROLLADOR
1087026	20221123	30000	COORDINADOR
1030766	20210913	13800	ANALISTA
1153342	20240902	25000	EJECUTIVO DE CUENTA
1139117	20240415	70000	GERENTE
1094087	20230130	85000	GERENTE
1121347	20231016	68000	GERENTE
1098293	20230321	27000	CONSULTOR
1099870	20230403	45600	DESARROLLADOR
1088606	20221207	65000	GERENTE
1089156	20221213	10000	ANALISTA
1089683	20221219	12300	ANALISTA
1101977	20230424	50000	EJECUTIVO DE CUENTA
1095202	20230213	78000	ESPECIALISTA
1104799	20230523	88000	COORDINADOR
1096915	20230306	80000	COORDINADOR
1099887	20230403	145000	GERENTE
0	20241001	95000	COORDINADOR
1139829	20240422	30000	COORDINADOR
1101282	20230417	75000	GERENTE
1098964	20230327	85000	GERENTE
1092371	20230116	55000	COORDINADOR
1102759	20230502	75000	COORDINADOR
1103924	20230515	60000	COORDINADOR
1119856	20231002	60000	COORDINADOR
0	20241001	35000	COORDINADOR
1111238	20230717	90000	GERENTE
1094093	20230130	30000	COORDINADOR
1106206	20230605	25000	INGENIERO
1143100	20240527	20000	ANALISTA
1150279	20240805	70000	GERENTE
1094096	20230130	280000	DIRECTOR
1101216	20230417	120000	GERENTE
1122134	20231024	22000	GERENTE
1091564	20230109	20000	EJECUTIVO DE CUENTA
1149424	20240729	10000	ANALISTA
1094737	20230207	15600	TRAINEE
1123367	20231106	12000	TRAINEE
0	20241001	78000	GERENTE
0	20241001	50000	DESARROLLADOR
1095259	20230213	10000	ANALISTA
1098288	20230321	25000	EJECUTIVO DE CUENTA
1096339	20230227	63000	COORDINADOR
1113779	20230807	100000	GERENTE
1117718	20230911	60000	COORDINADOR
1096889	20230306	65000	DESARROLLADOR
1098301	20230321	12300	ANALISTA
1098316	20230321	30000	DESARROLLADOR
1099558	20230403	50000	COORDINADOR
1106974	20230612	10000	ANALISTA
1106975	20230612	10000	ANALISTA
1101339	20230419	90000	GERENTE
1099872	20230403	100000	GERENTE
1106914	20230102	70000	GERENTE
1113687	20230807	75000	GERENTE
0	20241001	72000	GERENTE
1149456	20240729	60000	EJECUTIVO DE CUENTA
1140492	20240429	115000	GERENTE
1128725	20231231	60000	GERENTE
1138476	20240408	10000	ANALISTA FINANCIERO
1136606	20240319	70000	GERENTE
1122986	20231101	42000	COORDINADOR
1124175	20231113	35000	COORDINADOR
1127221	20231218	25000	CONSULTOR
1130486	20240122	20000	ANALISTA
1132815	20240212	85000	GERENTE
1137211	20240325	55000	DESARROLLADOR
1137234	20240325	130000	GERENTE
0	20241001	110000	COORDINADOR
0	20241201	45000	COORDINADOR
1150248	20240805	90000	GERENTE
1150243	20240805	125000	GERENTE
1142586	20240520	115000	GERENTE
0	20241001	60000	COORDINADOR
1142584	20240520	75000	GERENTE
1132806	20240212	10000	ANALISTA
1134312	20240226	19500	EJECUTIVO DE CUENTA
1135788	20240311	10000	ANALISTA
1135799	20240311	10000	ANALISTA
1135847	20240311	35000.1	DESARROLLADOR
1130490	20240122	10000	ANALISTA
EXTRANJERO	20181210	65539	GERENTE
EXTRANJERO	20211206	35000	CONSULTOR
1139798	20240422	22000	GERENTE
1135837	20240311	35000	GERENTE
1139132	20240415	65000	GERENTE
1140517	20240429	35000	ANALISTA
1140474	20240429	30000	COORDINADOR
0	20241001	85000	CONSULTOR
0	20241001	72000	GERENTE
1143106	20240527	90000	GERENTE
0	20241001	25000	COSNULTOR JR
0	20240923	21000	GERENTE
0	20241101	25000	COSNULTOR JR
0	20241101	25000	COSNULTOR JR
0	20241101	25000	COSNULTOR JR
1141848	20240513	47500	ANALISTA
1143091	20240527	45000	GERENTE
1148032	20240715	50000	GERENTE
0	20241001	25000	INGENIERO
1153372	20240902	18000	ANALISTA
0	20241001	50000	GERENTE
1154189	20240909	51333.33333	GERENTE
1151098	20240812	70000	GERENTE
0	20241001	25000	EJECUTIVO DE CUENTA
0	20241101	60000	COORDINADOR
1149445	20240729	13000	ANALISTA
0	20241001	60000	ANALISTA
0	20241001	75000	GERENTE
0	20241001	125000	GERENTE
0	20240917	34533.33333	GERENTE
0	20241001	75000	GERENTE
0	20241001	75000	GERENTE
1144355	20240610	35000	COORDINADOR
1144357	20240610	25000	EJCUTIVO DE CUENTA
1144368	20240610	10000	ANALISTA
1144392	20240610	10000	ANALISTA
1146661	20240701	70000	GERENTE
1147307	20240708	85000	GERENTE
1147313	20240708	108000	GERENTE
1147321	20240708	85000	GERENTE
1147335	20240708	70000	GERENTE
1147359	20240708	86000	COORDINADOR
1148720	20240722	10000	ANALISTA
1148727	20240722	70000	GERENTE
1151033	20240812	45000	GERENTE
1142468	20240510	45000	DESARROLLADOR
1144359	20240610	10000	ANALISTA
1145773	20240624	19500	EJECUTIVO DE CUENTA
1148724	20240722	22000	GERENTE
1151747	20240819	25000	COORDINADOR
1152484	20240826	12300	ANALISTA
1152505	20240826	26000	COORDINADOR
1153361	20240902	15000	COORDINADOR
1154375	20240910	90000	GERENTE
0	20241101	60000	COORDINADOR
0	20241101	60000	COORDINADOR
0	20241101	60000	COORDINADOR
0	20241001	60000	COORDINADOR
0	20241007	20000	COORDINADOR
0	20241107	20000	COORDINADOR
0	20241107	20000	COORDINADOR
0	20240917	39666.66667	GERENTE
0	20241016	6666.666667	EJECUTIVO DE CUENTA
0	20240930	1666.666667	COORDINADOR
0	20241215	75000	GERENTE
0	20241215	50000	DESARROLLADOR
0	20241215	50000	GERENTE
0	20241215	80000	DBA
0	20241015	130000	GERENTE
0	20241215	86000	COORDINADOR
0	20241215	86000	GERENTE
0	20241215	80000	COORDINADOR
0	20241215	60000	LIDER
0	20241215	60000	COORDINADOR
0	20241115	90000	GERENTE
0	20241215	20000	OPERADOR
0	20241215	20000	OPERADOR
