Número de personal	Periodo	Soc.S.A.	Nombre	Área de nómina	Centro de coste	1000 Sueldo	M415 Prima vacacional	1050 Compensación	/561 Cantidad pendiente	/440 I.S.P.T.	/391 Aportación trabaj. IMSS	/382 Apor. crédito FONACOT	/381 Apor. crédito INFONAVIT	2794 Des Crédito Ajuste Infona	/387 Seguro de vivienda INFONA	2504 Incap. Maternidad	MG10 Porcentaje pensión alim.	2181 D. Ajuste Pension Aliment	2746 Des. Cred Prod. E	7C11 Plan comp. SGMME	2108 Desc. Estacionamiento	/563 Ctdad.pendiente mes ant.	Total Percepciones	Total Deducciones	/559 Neto Legal
36354	202417	0754		8Q	336280.00	10000.05	3666.69	0.00	0.00	1748.30	284.95	0.00	0.00	0.00	0.00	0.00	0.00	0.00	1485.00	0.00	0.00	0.00	13666.74	3518.25	10148.49
39034	202417	0754		8Q	335899.00	22500.00	0.00	0.00	0.00	4136.06	1110.26	3436.20	0.00	0.00	0.00	0.00	5176.10	0.00	0.00	0.00	0.00	0.00	22500.00	13858.62	8641.38
39662	202417	0754		8Q	334006.00	47190.00	0.00	0.00	0.00	11443.08	1110.26	0.00	0.00	0.00	0.00	0.00	0.00	0.00	0.00	766.46	200.00	0.00	47190.00	13519.80	33670.20
203884	202417	0754		8Q	334006.00	27699.00	0.00	0.00	0.00	5579.65	823.86	0.00	4588.93	0.00	15.00	0.00	0.00	0.00	1739.00	0.00	0.00	0.00	27699.00	12746.44	14952.56
320816	202417	0754		8Q	336281.00	32919.30	0.00	0.00	0.00	7145.74	982.81	0.00	0.00	0.00	0.00	0.00	0.00	0.00	0.00	0.00	0.00	0.00	32919.30	8128.55	24790.75
320820	202417	0754		8Q	335971.00	29550.00	0.00	0.00	0.00	6134.95	880.22	0.00	0.00	0.00	0.00	0.00	0.00	0.00	0.00	0.00	0.00	0.00	29550.00	7015.17	22534.83
333583	202417	0754		8Q	336041.00	38820.00	0.00	0.00	0.00	8915.95	1110.26	0.00	0.00	0.00	0.00	0.00	0.00	0.00	0.00	1004.45	0.00	0.00	38820.00	11030.66	27789.34
373401	202417	0754		8Q	335978.00	60763.95	0.00	0.00	0.00	15786.74	1110.26	0.00	0.00	0.00	0.00	0.00	0.00	0.00	0.00	249.79	0.00	0.00	60763.95	17146.79	43617.16
521363	202417	0754		8Q	334004.00	127155.45	0.00	0.00	0.00	38338.45	1110.26	0.00	0.00	0.00	0.00	0.00	0.00	0.00	0.00	2296.61	0.00	0.00	127155.45	41745.32	85410.13
562719	202417	0754		8Q	334002.00	195086.70	0.00	0.00	0.00	61530.69	1110.26	0.00	0.00	0.00	0.00	0.00	0.00	0.00	0.00	0.00	0.00	0.00	195086.70	62640.95	132445.75
563433	202417	0754		8Q	335972.00	81216.00	0.00	0.00	0.00	22719.03	1110.26	0.00	0.00	0.00	0.00	0.00	0.00	0.00	0.00	0.00	0.00	0.00	81216.00	23829.29	57386.71
583285	202417	0754		8Q	336280.00	19999.95	0.00	0.00	0.00	3548.05	591.72	0.00	0.00	0.00	0.00	0.00	0.00	0.00	0.00	0.00	0.00	0.00	19999.95	4139.77	15860.18
583820	202417	0754		8Q	336285.00	9973.05	0.00	906.59	0.00	1500.83	511.70	0.00	0.00	0.00	0.00	0.00	0.00	0.00	0.00	0.00	0.00	0.00	10879.64	2012.53	8867.11
593163	202417	0754		8Q	336280.00	61099.95	0.00	0.00	0.00	15894.26	1110.26	0.00	0.00	0.00	0.00	0.00	0.00	0.00	0.00	371.84	0.00	0.00	61099.95	17376.36	43723.59
607746	202417	0754		8Q	334005.00	14644.05	0.00	0.00	0.00	2304.91	427.47	0.00	0.00	0.00	0.00	0.00	0.00	0.00	0.00	0.00	0.00	0.00	14644.05	2732.38	11911.67
664738	202417	0754		8Q	336280.00	10000.05	0.00	0.00	0.00	1312.95	285.71	0.00	0.00	0.00	0.00	0.00	2100.35	0.00	0.00	0.00	0.00	0.00	10000.05	3699.01	6301.04
675886	202417	0754		8Q	334008.00	77857.05	0.00	0.00	0.00	21576.99	1110.26	0.00	0.00	0.00	0.00	0.00	0.00	0.00	0.00	0.00	0.00	0.00	77857.05	22687.25	55169.80
686699	202417	0754		8Q	334003.00	75694.95	0.00	0.00	0.00	20841.88	1110.26	0.00	0.00	0.00	0.00	0.00	0.00	0.00	0.00	0.00	0.00	0.00	75694.95	21952.14	53742.81
689597	202417	0754		8Q	335973.00	85840.05	0.00	0.00	0.00	24291.21	1110.26	0.00	0.00	0.00	0.00	0.00	18131.57	0.00	0.00	0.00	0.00	0.00	85840.05	43533.04	42307.01
751618	202417	0754		8Q	336041.00	76604.55	0.00	0.00	0.00	21151.14	1110.26	0.00	0.00	0.00	0.00	0.00	0.00	0.00	0.00	674.24	0.00	0.00	76604.55	22935.64	53668.91
784155	202417	0754		8Q	335941.00	45000.00	0.00	0.00	0.00	10769.95	1110.26	0.00	0.00	0.00	0.00	0.00	0.00	0.00	0.00	0.00	0.00	0.00	45000.00	11880.21	33119.79
784773	202417	0754		8Q	334007.00	25000.05	0.00	0.00	0.00	4769.97	720.78	0.00	0.00	0.00	0.00	0.00	0.00	0.00	0.00	0.00	0.00	0.00	25000.05	5490.75	19509.30
787066	202417	0754		8Q	336043.00	67200.00	0.00	0.00	0.00	17953.59	1110.26	0.00	0.00	0.00	0.00	0.00	0.00	0.00	0.00	0.00	0.00	0.00	67200.00	19063.85	48136.15
787960	202417	0754		8Q	335977.00	51000.00	0.00	0.00	0.00	12662.28	1110.26	0.00	0.00	0.00	0.00	0.00	0.00	0.00	0.00	62.04	0.00	0.00	51000.00	13834.58	37165.42
802947	202417	0754		8Q	336287.00	52324.95	0.00	0.00	0.00	13086.26	1110.26	0.00	0.00	0.00	0.00	0.00	0.00	0.00	0.00	274.25	0.00	0.00	52324.95	14470.77	37854.18
874549	202417	0754		8Q	334005.00	27300.00	0.00	0.00	0.00	5459.95	812.75	0.00	0.00	0.00	0.00	0.00	0.00	0.00	0.00	0.00	0.00	0.00	27300.00	6272.70	21027.30
918449	202417	0754		8Q	334008.00	34474.95	0.00	0.00	0.00	7612.44	1031.50	0.00	0.00	0.00	0.00	0.00	0.00	0.00	0.00	477.04	0.00	0.00	34474.95	9120.98	25353.97
919629	202417	0754		8Q	336287.00	32405.55	0.00	0.00	0.00	6991.62	968.40	0.00	0.00	0.00	0.00	0.00	0.00	0.00	0.00	0.00	0.00	0.00	32405.55	7960.02	24445.53
963601	202417	0754		8Q	335975.00	32500.05	0.00	0.00	0.00	7019.97	944.11	0.00	0.00	0.00	0.00	0.00	0.00	0.00	0.00	0.00	0.00	0.00	32500.05	7964.08	24535.97
968086	202417	0754		8Q	336056.00	82500.00	0.00	0.00	0.00	23155.59	1110.26	0.00	0.00	0.00	0.00	0.00	0.00	0.00	0.00	0.00	0.00	0.00	82500.00	24265.85	58234.15
968837	202417	0754		8Q	334007.00	115000.05	0.00	0.00	0.00	34205.61	1110.26	0.00	0.00	0.00	0.00	0.00	0.00	0.00	0.00	0.00	0.00	0.00	115000.05	35315.87	79684.18
974454	202417	0754		8Q	336056.00	52806.00	0.00	0.00	0.00	13240.20	1110.26	0.00	4953.19	0.00	15.00	0.00	0.00	0.00	0.00	0.00	0.00	0.00	52806.00	19318.65	33487.35
978126	202417	0754		8Q	334008.00	22894.50	0.00	0.00	0.00	4228.84	678.44	0.00	0.00	0.00	0.00	0.00	0.00	0.00	0.00	0.00	0.00	0.00	22894.50	4907.28	17987.22
978128	202417	0754		8Q	334008.00	8449.95	0.00	0.00	0.00	981.85	237.75	0.00	0.00	0.00	0.00	0.00	0.00	0.00	0.00	0.00	0.00	0.00	8449.95	1219.60	7230.35
978129	202417	0754		8Q	334008.00	34164.00	12526.80	0.00	0.00	10788.63	1020.72	0.00	0.00	0.00	0.00	0.00	0.00	0.00	0.00	814.59	0.00	0.00	46690.80	12623.94	34066.86
978132	202417	0754		8Q	336139.00	19774.95	0.00	0.00	0.00	3495.13	582.59	0.00	0.00	0.00	0.00	0.00	0.00	0.00	0.00	291.46	0.00	0.00	19774.95	4369.18	15405.77
978143	202417	0754		8Q	334007.00	29899.95	0.00	0.00	0.00	6239.94	890.88	0.00	0.00	0.00	0.00	0.00	0.00	0.00	0.00	0.00	0.00	0.00	29899.95	7130.82	22769.13
978149	202417	0754		8Q	334007.00	31395.00	0.00	0.00	0.00	6688.45	911.35	0.00	0.00	0.00	0.00	0.00	0.00	0.00	0.00	0.00	0.00	0.00	31395.00	7599.80	23795.20
979738	202417	0754		8Q	334005.00	6000.00	0.00	0.00	0.00	522.48	224.02	975.00	0.00	0.00	0.00	0.00	0.00	0.00	0.00	0.00	0.00	0.00	6000.00	1721.50	4278.50
979748	202417	0754		8Q	336050.00	11050.05	0.00	0.00	0.00	1537.23	1049.25	1456.20	0.00	0.00	0.00	0.00	0.00	0.00	0.00	1130.30	0.00	0.00	11050.05	5172.98	5877.07
979751	202417	0754		8Q	336050.00	5935.05	0.00	0.00	0.00	512.09	329.21	0.00	0.00	0.00	0.00	0.00	0.00	0.00	0.00	0.00	0.00	0.00	5935.05	841.30	5093.75
979754	202417	0754		8Q	336050.00	5935.05	1978.35	0.00	0.00	568.05	336.61	2455.05	0.00	0.00	0.00	0.00	0.00	0.00	0.00	110.04	0.00	0.00	7913.40	3469.75	4443.65
979757	202417	0754		8Q	335872.00	27499.95	0.00	0.00	0.00	5519.94	817.80	0.00	0.00	0.00	0.00	0.00	0.00	0.00	0.00	188.53	0.00	0.00	27499.95	6526.27	20973.68
979765	202417	0754		8Q	335960.00	9750.00	0.00	2250.00	0.00	1740.14	521.26	1149.00	0.00	0.00	0.00	0.00	0.00	0.00	0.00	0.00	0.00	0.00	12000.00	3410.40	8589.60
979769	202417	0754		8Q	336050.00	4565.25	0.00	0.00	0.00	340.22	439.13	0.00	0.00	0.00	0.00	0.00	0.00	0.00	0.00	0.00	0.00	0.00	4565.25	779.35	3785.90
980569	202417	0754		8Q	336287.00	38447.55	0.00	0.00	0.00	8804.22	1110.26	0.00	4095.94	0.00	15.00	0.00	8559.92	0.00	0.00	0.00	0.00	0.00	38447.55	22585.34	15862.21
980574	202417	0754		8Q	335958.00	25999.95	10399.98	0.00	0.00	7701.37	1110.26	0.00	2694.05	0.00	15.00	0.00	0.00	0.00	0.00	0.00	0.00	0.00	36399.93	11520.68	24879.25
980575	202417	0754		8Q	336281.00	36436.95	0.00	0.00	0.00	8201.04	1091.32	0.00	0.00	0.00	0.00	0.00	0.00	0.00	0.00	249.79	0.00	0.00	36436.95	9542.15	26894.80
980576	202417	0754		8Q	334004.00	9750.00	0.00	0.00	0.00	1259.54	277.34	0.00	0.00	0.00	0.00	0.00	0.00	0.00	0.00	0.00	0.00	0.00	9750.00	1536.88	8213.12
980578	202417	0754		8Q	336285.00	10000.05	0.00	0.00	0.00	1312.95	442.05	0.00	0.00	0.00	0.00	0.00	0.00	0.00	0.00	0.00	0.00	0.00	10000.05	1755.00	8245.05
980579	202417	0754		8Q	336286.00	10000.05	0.00	0.00	0.00	1312.95	284.95	0.00	0.00	0.00	0.00	0.00	0.00	0.00	0.00	0.00	0.00	0.00	10000.05	1597.90	8402.15
980580	202417	0754		8Q	336280.00	22500.00	0.00	0.00	0.00	4136.06	665.55	0.00	0.00	0.00	0.00	0.00	0.00	0.00	0.00	172.08	0.00	0.00	22500.00	4973.69	17526.31
980582	202417	0754		8Q	336287.00	22500.00	0.00	0.00	0.00	4136.06	665.55	0.00	0.00	0.00	0.00	0.00	0.00	0.00	0.00	126.17	0.00	0.00	22500.00	4927.78	17572.22
980583	202417	0754		8Q	336286.00	29250.00	0.00	0.00	0.00	6044.95	871.10	0.00	0.00	0.00	0.00	0.00	0.00	0.00	0.00	874.38	0.00	0.00	29250.00	7790.43	21459.57
980584	202417	0754		8Q	336285.00	7800.00	0.00	0.00	0.00	843.02	368.69	0.00	0.00	0.00	0.00	0.00	0.00	0.00	0.00	0.00	0.00	0.00	7800.00	1211.71	6588.29
980585	202417	0754		8Q	336287.00	16249.95	0.00	0.00	0.00	2666.05	475.25	0.00	0.00	0.00	0.00	0.00	0.00	0.00	0.00	0.00	0.00	0.00	16249.95	3141.30	13108.65
980589	202417	0754		8Q	336287.00	22000.05	0.00	0.00	0.00	4018.47	650.33	0.00	0.00	0.00	0.00	0.00	0.00	0.00	0.00	371.84	0.00	0.00	22000.05	5040.64	16959.41
980591	202417	0754		8Q	336056.00	27360.00	0.00	0.00	0.00	5477.95	813.54	0.00	0.00	0.00	0.00	0.00	0.00	0.00	0.00	0.00	0.00	0.00	27360.00	6291.49	21068.51
980593	202417	0754		8Q	336285.00	7800.00	0.00	0.00	0.00	843.02	363.01	0.00	0.00	0.00	0.00	0.00	0.00	0.00	0.00	769.13	0.00	0.00	7800.00	1975.16	5824.84
981491	202417	0754		8Q	335959.00	8775.00	0.00	0.00	0.00	1051.28	396.79	1861.50	0.00	0.00	0.00	0.00	0.00	0.00	0.00	0.00	0.00	0.00	8775.00	3309.57	5465.43
981492	202417	0754		8Q	335949.00	19999.95	0.00	0.00	0.00	3548.05	1110.26	0.00	0.00	0.00	0.00	0.00	0.00	0.00	0.00	353.50	0.00	0.00	19999.95	5011.81	14988.14
981499	202417	0754		8Q	335971.00	16249.95	0.00	0.00	0.00	2666.05	475.25	0.00	0.00	0.00	0.00	0.00	0.00	0.00	0.00	0.00	0.00	0.00	16249.95	3141.30	13108.65
981501	202417	0754		8Q	336287.00	18751.05	0.00	0.00	0.00	3254.30	551.42	0.00	0.00	0.00	0.00	0.00	0.00	0.00	0.00	0.00	0.00	0.00	18751.05	3805.72	14945.33
981502	202417	0754		8Q	336279.00	25000.05	0.00	0.00	0.00	4769.97	741.68	0.00	0.00	0.00	0.00	0.00	0.00	0.00	0.00	677.21	0.00	0.00	25000.05	6188.86	18811.19
981503	202417	0754		8Q	336281.00	21499.95	0.00	0.00	0.00	3900.85	635.11	0.00	7614.89	0.00	15.00	0.00	0.00	0.00	0.00	0.00	0.00	0.00	21499.95	12165.85	9334.10
981504	202417	0754		8Q	336282.00	21499.95	0.00	0.00	0.00	3900.85	635.11	0.00	0.00	0.00	0.00	0.00	0.00	0.00	0.00	773.34	0.00	0.00	21499.95	5309.30	16190.65
981505	202417	0754		8Q	335899.00	10999.95	0.00	0.00	0.00	1526.53	454.00	0.00	0.00	0.00	0.00	0.00	0.00	0.00	0.00	0.00	0.00	0.00	10999.95	1980.53	9019.42
981506	202417	0754		8Q	335961.00	7500.00	0.00	0.00	0.00	783.85	232.80	0.00	0.00	0.00	0.00	0.00	0.00	0.00	0.00	0.00	0.00	0.00	7500.00	1016.65	6483.35
982215	202417	0754		8Q	335960.00	9000.00	0.00	0.00	0.00	1099.34	337.26	0.00	0.00	0.00	0.00	0.00	0.00	0.00	0.00	0.00	0.00	0.00	9000.00	1436.60	7563.40
982216	202417	0754		8Q	335959.00	7800.00	0.00	0.00	0.00	843.02	432.05	0.00	2653.42	0.00	15.00	0.00	978.74	0.00	0.00	0.00	0.00	0.00	7800.00	4922.23	2877.77
982219	202417	0754		8Q	335960.00	9750.00	0.00	0.00	0.00	1259.54	517.84	0.00	0.00	0.00	0.00	0.00	0.00	0.00	0.00	0.00	0.00	0.00	9750.00	1777.38	7972.62
982227	202417	0754		8Q	335962.00	9125.55	0.00	0.00	0.00	1126.16	368.98	1825.05	0.00	0.00	0.00	0.00	0.00	0.00	0.00	0.00	0.00	0.00	9125.55	3320.19	5805.36
983033	202417	0754		8Q	334004.00	34999.95	0.00	0.00	0.00	7769.94	1046.18	0.00	11875.97	0.00	15.00	0.00	0.00	0.00	0.00	0.00	0.00	0.00	34999.95	20707.09	14292.86
983038	202417	0754		8Q	336280.00	11250.00	0.00	0.00	0.00	1579.94	323.00	0.00	0.00	0.00	0.00	0.00	0.00	0.00	0.00	188.53	0.00	0.00	11250.00	2091.47	9158.53
983040	202417	0754		8Q	335960.00	7500.00	0.00	0.00	0.00	783.85	296.49	0.00	0.00	0.00	0.00	0.00	0.00	0.00	0.00	0.00	0.00	0.00	7500.00	1080.34	6419.66
983045	202417	0754		8Q	334005.00	6240.00	0.00	0.00	0.00	560.88	224.05	1316.70	0.00	0.00	0.00	0.00	0.00	0.00	0.00	0.00	0.00	0.00	6240.00	2101.63	4138.37
983937	202417	0754		8Q	335963.00	6900.00	0.00	0.00	0.00	676.33	234.06	0.00	0.00	0.00	0.00	0.00	0.00	0.00	0.00	0.00	0.00	0.00	6900.00	910.39	5989.61
988683	202417	0754		8Q	334007.00	40249.95	12074.99	0.00	0.00	12565.12	1110.27	0.00	0.00	0.00	0.00	0.00	0.00	0.00	0.00	0.00	0.00	0.00	52324.94	13675.39	38649.55
990597	202417	0754		8Q	336055.00	15000.00	0.00	0.00	734.26	0.00	0.00	0.00	0.00	0.00	0.00	15000.00	0.00	0.00	0.00	220.08	0.00	514.18	15734.26	15734.26	0.00
991392	202417	0754		8Q	336281.00	31609.50	0.00	0.00	0.00	6752.80	944.14	0.00	0.00	0.00	0.00	0.00	0.00	0.00	0.00	270.04	0.00	0.00	31609.50	7966.98	23642.52
1008301	202417	0754		8Q	335872.00	100639.05	36900.99	0.00	0.00	41315.50	1110.26	0.00	0.00	0.00	0.00	0.00	0.00	0.00	0.00	0.00	0.00	0.00	137540.04	42425.76	95114.28
1008999	202417	0754		8Q	336056.00	19000.05	0.00	0.00	0.00	3312.87	543.10	0.00	0.00	0.00	0.00	0.00	0.00	0.00	0.00	0.00	0.00	0.00	19000.05	3855.97	15144.08
1012943	202417	0754		8Q	334007.00	25875.00	0.00	0.00	0.00	5032.45	746.67	0.00	0.00	0.00	0.00	0.00	0.00	0.00	0.00	236.95	0.00	0.00	25875.00	6016.07	19858.93
1014676	202417	0754		8Q	334008.00	10816.05	0.00	0.00	0.00	1487.25	300.76	0.00	0.00	0.00	0.00	0.00	0.00	0.00	0.00	0.00	0.00	0.00	10816.05	1788.01	9028.04
1014677	202417	0754		8Q	335872.00	17500.05	0.00	0.00	0.00	2960.07	498.69	0.00	0.00	0.00	0.00	0.00	0.00	0.00	0.00	0.00	0.00	0.00	17500.05	3458.76	14041.29
1020158	202417	0754		8Q	336056.00	29250.00	0.00	0.00	0.00	6044.95	846.62	0.00	49.79	0.00	15.00	0.00	0.00	0.00	0.00	339.88	0.00	0.00	29250.00	7296.24	21953.76
1020160	202417	0754		8Q	335971.00	15000.00	0.00	0.00	0.00	2380.94	424.65	0.00	0.00	0.00	0.00	0.00	0.00	0.00	0.00	0.00	0.00	0.00	15000.00	2805.59	12194.41
1020191	202417	0754		8Q	335981.00	39000.00	0.00	0.00	0.00	8969.95	1110.26	0.00	0.00	0.00	0.00	0.00	0.00	0.00	0.00	380.92	0.00	0.00	39000.00	10461.13	28538.87
1020752	202417	0754		8Q	335939.00	49999.95	0.00	0.00	0.00	12342.26	1110.26	0.00	0.00	0.00	0.00	0.00	0.00	0.00	0.00	1161.30	0.00	0.00	49999.95	14613.82	35386.13
1025188	202417	0754		8Q	336281.00	19804.05	0.00	0.00	0.00	3501.97	566.90	0.00	0.00	0.00	0.00	0.00	0.00	0.00	0.00	0.00	0.00	0.00	19804.05	4068.87	15735.18
1025189	202417	0754		8Q	336281.00	21784.50	0.00	0.00	0.00	3967.77	625.56	0.00	5315.65	0.00	15.00	0.00	0.00	0.00	0.00	0.00	0.00	0.00	21784.50	9923.98	11860.52
1025190	202417	0754		8Q	336281.00	19056.45	0.00	0.00	0.00	3326.13	544.78	0.00	0.00	0.00	0.00	0.00	0.00	0.00	0.00	720.79	0.00	0.00	19056.45	4591.70	14464.75
1025199	202417	0754		8Q	336281.00	25996.95	0.00	0.00	0.00	5069.04	750.30	0.00	0.00	0.00	0.00	0.00	0.00	0.00	0.00	0.00	0.00	0.00	25996.95	5819.34	20177.61
1025200	202417	0754		8Q	336281.00	22643.55	0.00	0.00	0.00	4169.82	650.99	0.00	0.00	0.00	0.00	0.00	0.00	0.00	0.00	188.53	0.00	0.00	22643.55	5009.34	17634.21
1025216	202417	0754		8Q	336282.00	30937.50	0.00	6187.50	0.00	8407.45	932.49	0.00	0.00	0.00	0.00	0.00	0.00	0.00	0.00	695.54	0.00	0.00	37125.00	10035.48	27089.52
1025227	202417	0754		8Q	334005.00	4875.00	0.00	1125.00	0.00	522.48	171.60	614.10	0.00	0.00	0.00	0.00	1326.48	0.00	0.00	0.00	0.00	0.00	6000.00	2634.66	3365.34
1025228	202417	0754		8Q	334005.00	4875.00	0.00	1125.00	0.00	522.48	169.51	375.00	0.00	0.00	0.00	0.00	0.00	0.00	0.00	0.00	0.00	0.00	6000.00	1066.99	4933.01
1025230	202417	0754		8Q	336147.00	37500.00	0.00	0.00	0.00	8519.95	1090.93	0.00	0.00	0.00	0.00	0.00	0.00	0.00	0.00	874.38	0.00	0.00	37500.00	10485.26	27014.74
1025237	202417	0754		8Q	336139.00	22500.00	0.00	0.00	0.00	4136.06	646.74	0.00	0.00	0.00	0.00	0.00	0.00	0.00	0.00	0.00	0.00	0.00	22500.00	4782.80	17717.20
1025238	202417	0754		8Q	336282.00	107500.05	0.00	0.00	0.00	31655.61	1110.26	0.00	0.00	0.00	0.00	0.00	0.00	0.00	0.00	0.00	0.00	0.00	107500.05	32765.87	74734.18
1025240	202417	0754		8Q	100200.00	7474.95	0.00	974.95	0.00	981.84	254.02	1207.05	987.23	0.00	15.00	0.00	0.00	0.00	0.00	0.00	0.00	0.00	8449.90	3445.14	5004.76
1025855	202417	0754		8Q	100200.00	13000.05	0.00	0.00	0.00	1953.75	647.95	0.00	0.00	0.00	0.00	0.00	0.00	0.00	0.00	39.17	0.00	0.00	13000.05	2640.87	10359.18
1026979	202417	0754		8Q	100200.00	29137.50	0.00	0.00	0.00	6011.20	843.29	0.00	0.00	0.00	0.00	0.00	0.00	0.00	0.00	0.00	0.00	0.00	29137.50	6854.49	22283.01
1028662	202417	0754		8Q	100200.00	21060.00	0.00	0.00	0.00	3797.37	604.10	0.00	0.00	0.00	0.00	0.00	0.00	0.00	0.00	498.39	0.00	0.00	21060.00	4899.86	16160.14
1030397	202417	0754		8Q	100200.00	10000.05	2666.68	0.00	0.00	1534.69	272.40	0.00	0.00	0.00	0.00	0.00	0.00	0.00	0.00	0.00	0.00	0.00	12666.73	1807.09	10859.64
1030766	202417	0754		8Q	335959.00	6900.00	0.00	0.00	0.00	676.33	213.64	688.05	0.00	0.00	0.00	0.00	0.00	0.00	0.00	0.00	0.00	0.00	6900.00	1578.02	5321.98
1031256	202417	0754		8Q	335872.00	17500.05	0.00	0.00	0.00	2960.07	491.36	0.00	0.00	0.00	0.00	0.00	0.00	0.00	0.00	291.46	0.00	0.00	17500.05	3742.89	13757.16
1031502	202417	0754		8Q	335981.00	14950.05	0.00	0.00	0.00	2370.27	416.91	0.00	0.00	0.00	0.00	0.00	0.00	0.00	0.00	188.53	0.00	0.00	14950.05	2975.71	11974.34
1033283	202417	0754		8Q	336286.00	7500.00	0.00	0.00	0.00	783.85	199.43	0.00	0.00	0.00	0.00	0.00	0.00	0.00	0.00	0.00	0.00	0.00	7500.00	983.28	6516.72
1035210	202417	0754		8Q	336147.00	12499.95	0.00	0.00	0.00	1846.93	345.38	0.00	0.00	0.00	0.00	0.00	0.00	0.00	0.00	0.00	0.00	0.00	12499.95	2192.31	10307.64
1035213	202417	0754		8Q	336041.00	12499.95	0.00	0.00	0.00	1846.93	345.38	0.00	0.00	0.00	0.00	0.00	0.00	0.00	0.00	0.00	0.00	0.00	12499.95	2192.31	10307.64
1037160	202417	0754		8Q	335946.00	16249.95	0.00	0.00	0.00	2666.05	828.05	0.00	0.00	0.00	0.00	0.00	0.00	0.00	0.00	0.00	0.00	0.00	16249.95	3494.10	12755.85
1037161	202417	0754		8Q	334003.00	46000.05	0.00	0.00	0.00	11069.97	1110.26	0.00	0.00	0.00	0.00	0.00	0.00	0.00	0.00	339.88	0.00	0.00	46000.05	12520.11	33479.94
1038007	202417	0754		8Q	335939.00	10000.05	0.00	0.00	0.00	1312.95	437.03	0.00	0.00	0.00	0.00	0.00	0.00	0.00	0.00	0.00	0.00	0.00	10000.05	1749.98	8250.07
1038008	202417	0754		8Q	335939.00	15000.00	0.00	0.00	0.00	2380.94	620.58	0.00	0.00	0.00	0.00	0.00	6599.16	1500.00	0.00	0.00	0.00	0.00	15000.00	11100.68	3899.32
1039034	202417	0754		8Q	334005.00	6000.00	0.00	0.00	0.00	522.48	155.62	625.80	0.00	0.00	0.00	0.00	0.00	0.00	0.00	0.00	0.00	0.00	6000.00	1303.90	4696.10
1039035	202417	0754		8Q	334005.00	4875.00	0.00	0.00	0.00	373.92	122.78	731.25	0.00	0.00	0.00	0.00	0.00	0.00	0.00	0.00	0.00	0.00	4875.00	1227.95	3647.05
1039036	202417	0754		8Q	334008.00	7500.00	0.00	0.00	0.00	783.85	199.43	0.00	0.00	0.00	0.00	0.00	0.00	0.00	0.00	0.00	0.00	0.00	7500.00	983.28	6516.72
1040033	202417	0754		8Q	335975.00	22999.95	0.00	0.00	0.00	4253.65	651.93	0.00	0.00	0.00	0.00	0.00	0.00	0.00	0.00	0.00	0.00	0.00	22999.95	4905.58	18094.37
1041522	202417	0754		8Q	334007.00	32500.05	0.00	0.00	0.00	7019.97	929.29	0.00	2104.33	0.00	15.00	0.00	0.00	0.00	0.00	0.00	0.00	0.00	32500.05	10068.59	22431.46
1042435	202417	0754		8Q	336056.00	15000.00	0.00	0.00	0.00	2380.94	418.37	0.00	0.00	0.00	0.00	0.00	0.00	0.00	0.00	0.00	0.00	0.00	15000.00	2799.31	12200.69
1042440	202417	0754		8Q	335966.00	16999.95	0.00	0.00	0.00	2842.45	980.43	0.00	0.00	0.00	0.00	0.00	3953.12	0.00	0.00	0.00	0.00	0.00	16999.95	7776.00	9223.95
1042450	202417	0754		8Q	335975.00	24000.00	0.00	0.00	0.00	4488.86	681.13	0.00	0.00	0.00	0.00	0.00	0.00	0.00	0.00	0.00	0.00	0.00	24000.00	5169.99	18830.01
1044193	202417	0754		8Q	334004.00	42250.05	0.00	0.00	0.00	9944.97	1110.26	0.00	0.00	0.00	0.00	0.00	0.00	0.00	0.00	0.00	0.00	0.00	42250.05	11055.23	31194.82
1044195	202417	0754		8Q	334008.00	29250.00	0.00	0.00	0.00	6044.95	834.40	0.00	0.00	0.00	0.00	0.00	0.00	0.00	0.00	0.00	0.00	0.00	29250.00	6879.35	22370.65
1046923	202417	0754		8Q	336285.00	6000.00	0.00	0.00	0.00	522.48	313.04	0.00	0.00	0.00	0.00	0.00	0.00	0.00	0.00	0.00	0.00	0.00	6000.00	835.52	5164.48
1048056	202417	0754		8Q	336282.00	43500.00	0.00	0.00	0.00	10319.95	1110.26	0.00	1344.57	0.00	15.00	0.00	0.00	0.00	0.00	528.56	0.00	0.00	43500.00	13318.34	30181.66
1051634	202417	0754		8Q	335978.00	22500.00	0.00	0.00	0.00	4136.06	637.34	0.00	0.00	0.00	0.00	0.00	0.00	0.00	0.00	0.00	0.00	0.00	22500.00	4773.40	17726.60
1052455	202417	0754		8Q	335962.00	6900.00	0.00	0.00	0.00	676.33	231.34	0.00	0.00	0.00	0.00	0.00	0.00	0.00	0.00	0.00	0.00	0.00	6900.00	907.67	5992.33
1052458	202417	0754		8Q	334002.00	124999.95	0.00	0.00	0.00	37605.58	1110.26	0.00	0.00	0.00	0.00	0.00	0.00	0.00	0.00	785.80	0.00	0.00	124999.95	39501.64	85498.31
1052509	202417	0754		8Q	335962.00	6900.00	0.00	0.00	0.00	676.33	231.22	0.00	0.00	0.00	0.00	0.00	0.00	0.00	0.00	0.00	0.00	0.00	6900.00	907.55	5992.45
1054398	202417	0754		8Q	336056.00	15000.00	0.00	0.00	0.00	2380.94	418.37	0.00	0.00	0.00	0.00	0.00	0.00	0.00	0.00	188.53	0.00	0.00	15000.00	2987.84	12012.16
1054405	202417	0754		8Q	334007.00	34999.95	0.00	0.00	0.00	7769.94	1002.26	0.00	0.00	0.00	0.00	0.00	0.00	0.00	0.00	0.00	0.00	0.00	34999.95	8772.20	26227.75
1056014	202417	0754		8Q	336044.00	7474.95	0.00	974.95	0.00	981.84	252.04	0.00	0.00	0.00	0.00	0.00	0.00	0.00	0.00	0.00	0.00	0.00	8449.90	1233.88	7216.02
1056063	202417	0754		8Q	336282.00	17500.05	0.00	0.00	0.00	2960.07	491.36	0.00	0.00	0.00	0.00	0.00	0.00	0.00	0.00	0.00	0.00	0.00	17500.05	3451.43	14048.62
1057449	202417	0754		8Q	335966.00	45000.00	0.00	0.00	0.00	10769.95	1110.26	0.00	5128.89	0.00	15.00	0.00	0.00	0.00	0.00	883.38	0.00	0.00	45000.00	17907.48	27092.52
1060885	202417	0754		8Q	335959.00	6499.95	0.00	0.00	0.00	604.64	208.37	0.00	0.00	0.00	0.00	0.00	0.00	0.00	0.00	0.00	0.00	0.00	6499.95	813.01	5686.94
1060889	202417	0754		8Q	336282.00	47500.05	0.00	0.00	0.00	11542.29	1110.26	0.00	0.00	0.00	0.00	0.00	0.00	0.00	0.00	0.00	0.00	0.00	47500.05	12652.55	34847.50
1062732	202417	0754		8Q	336285.00	45000.00	0.00	0.00	0.00	10769.95	1110.26	0.00	0.00	0.00	0.00	0.00	0.00	0.00	0.00	0.00	0.00	0.00	45000.00	11880.21	33119.79
1062742	202417	0754		8Q	336282.00	34999.95	0.00	0.00	0.00	7769.94	1002.26	0.00	0.00	0.00	0.00	0.00	0.00	0.00	0.00	0.00	0.00	0.00	34999.95	8772.20	26227.75
1064872	202417	0754		8Q	336041.00	22500.00	0.00	0.00	0.00	4136.06	637.34	0.00	0.00	0.00	0.00	0.00	0.00	0.00	0.00	0.00	0.00	0.00	22500.00	4773.40	17726.60
1064912	202417	0754		8Q	336282.00	40000.05	0.00	0.00	0.00	9269.97	1110.26	0.00	0.00	0.00	0.00	0.00	0.00	0.00	0.00	0.00	0.00	0.00	40000.05	10380.23	29619.82
1066110	202417	0754		8Q	336056.00	41250.00	0.00	0.00	0.00	9644.95	1110.26	0.00	0.00	0.00	0.00	0.00	0.00	0.00	0.00	0.00	0.00	0.00	41250.00	10755.21	30494.79
1066697	202417	0754		8Q	336043.00	4999.95	0.00	0.00	0.00	387.51	448.75	0.00	0.00	0.00	0.00	0.00	0.00	0.00	0.00	0.00	0.00	0.00	4999.95	836.26	4163.69
1068618	202417	0754		8Q	336282.00	10000.05	0.00	0.00	0.00	1312.95	272.40	0.00	0.00	0.00	0.00	0.00	0.00	0.00	0.00	0.00	0.00	0.00	10000.05	1585.35	8414.70
1070172	202417	0754		8Q	335876.00	22399.95	0.00	0.00	0.00	4112.53	860.15	0.00	0.00	0.00	0.00	0.00	0.00	0.00	0.00	0.00	0.00	0.00	22399.95	4972.68	17427.27
1070303	202417	0754		8Q	335941.00	15000.00	0.00	0.00	0.00	2380.94	668.12	0.00	0.00	0.00	0.00	0.00	0.00	0.00	0.00	0.00	0.00	0.00	15000.00	3049.06	11950.94
1070574	202417	0754		8Q	334007.00	40950.00	0.00	0.00	0.00	9554.95	1110.26	0.00	0.00	0.00	0.00	0.00	0.00	0.00	0.00	213.33	0.00	0.00	40950.00	10878.54	30071.46
1070672	202417	0754		8Q	336043.00	45000.00	0.00	0.00	0.00	10769.95	1110.26	9000.00	12211.77	2605.99	15.00	0.00	0.00	0.00	0.00	0.00	0.00	0.00	45000.00	35712.97	9287.03
1072560	202417	0754		8Q	335975.00	15000.00	0.00	0.00	0.00	2380.94	418.37	0.00	0.00	0.00	0.00	0.00	0.00	0.00	0.00	0.00	0.00	0.00	15000.00	2799.31	12200.69
1072561	202417	0754		8Q	335972.00	9750.00	0.00	0.00	0.00	1259.54	376.09	0.00	0.00	0.00	0.00	0.00	0.00	0.00	0.00	0.00	0.00	0.00	9750.00	1635.63	8114.37
1072576	202417	0754		8Q	335975.00	19000.05	0.00	0.00	0.00	3312.87	535.15	0.00	0.00	0.00	0.00	0.00	0.00	0.00	0.00	0.00	0.00	0.00	19000.05	3848.02	15152.03
1072694	202417	0754		8Q	336282.00	40000.05	0.00	0.00	0.00	9269.97	1110.26	0.00	0.00	0.00	0.00	0.00	0.00	0.00	0.00	0.00	0.00	0.00	40000.05	10380.23	29619.82
1074671	202417	0754		8Q	336056.00	22750.05	0.00	0.00	0.00	4194.87	644.63	0.00	0.00	0.00	0.00	0.00	0.00	0.00	0.00	39.17	0.00	0.00	22750.05	4878.67	17871.38
1075115	202417	0754		8Q	335975.00	115000.05	0.00	0.00	0.00	34205.61	1110.26	0.00	0.00	0.00	0.00	0.00	0.00	0.00	0.00	725.34	0.00	0.00	115000.05	36041.21	78958.84
1076764	202417	0754		8Q	336280.00	10000.05	2333.35	0.00	0.00	1463.49	272.11	0.00	0.00	0.00	0.00	0.00	0.00	0.00	0.00	0.00	0.00	0.00	12333.40	1735.60	10597.80
1078830	202417	0754		8Q	335975.00	38500.65	0.00	4125.62	0.00	10057.83	1103.02	0.00	0.00	0.00	0.00	0.00	0.00	0.00	0.00	0.00	0.00	0.00	42626.27	11160.85	31465.42
1078831	202417	0754		8Q	334005.00	4875.00	0.00	0.00	0.00	373.92	122.60	0.00	0.00	0.00	0.00	0.00	0.00	0.00	0.00	0.00	0.00	0.00	4875.00	496.52	4378.48
1081037	202417	0754		8Q	336282.00	34999.95	0.00	0.00	0.00	7769.94	1000.93	0.00	1630.78	0.00	15.00	0.00	0.00	0.00	0.00	0.00	0.00	0.00	34999.95	10416.65	24583.30
1083206	202417	0754		8Q	334005.00	4875.00	0.00	0.00	0.00	373.92	122.60	0.00	0.00	0.00	0.00	0.00	0.00	0.00	0.00	0.00	0.00	0.00	4875.00	496.52	4378.48
1083209	202417	0754		8Q	336139.00	22500.00	0.00	0.00	0.00	4136.06	636.48	0.00	0.00	0.00	0.00	0.00	0.00	0.00	0.00	0.00	0.00	0.00	22500.00	4772.54	17727.46
1083283	202417	0754		8Q	335972.00	15000.00	0.00	0.00	0.00	2380.94	584.30	0.00	0.00	0.00	0.00	0.00	0.00	0.00	0.00	0.00	0.00	0.00	15000.00	2965.24	12034.76
1087026	202417	0754		8Q	335975.00	15000.00	0.00	0.00	0.00	2380.94	417.80	0.00	0.00	0.00	0.00	0.00	0.00	0.00	0.00	0.00	0.00	0.00	15000.00	2798.74	12201.26
1088606	202417	0754		8Q	336041.00	32500.05	0.00	0.00	0.00	7019.97	928.05	0.00	0.00	0.00	0.00	0.00	0.00	0.00	0.00	401.50	0.00	0.00	32500.05	8349.52	24150.53
1089156	202417	0754		8Q	335959.00	4999.95	0.00	0.00	0.00	387.51	164.98	0.00	0.00	0.00	0.00	0.00	0.00	0.00	0.00	0.00	0.00	0.00	4999.95	552.49	4447.46
1089683	202417	0754		8Q	336050.00	6150.00	0.00	0.00	0.00	546.48	210.58	0.00	0.00	0.00	0.00	0.00	0.00	0.00	0.00	0.00	0.00	0.00	6150.00	757.06	5392.94
1091564	202417	0754		8Q	335941.00	10000.05	0.00	0.00	0.00	1312.95	396.91	0.00	0.00	0.00	0.00	0.00	0.00	0.00	0.00	0.00	0.00	0.00	10000.05	1709.86	8290.19
1092368	202417	0754		8Q	336280.00	10000.05	0.00	0.00	0.00	1312.95	272.03	0.00	0.00	0.00	0.00	0.00	0.00	0.00	0.00	0.00	0.00	0.00	10000.05	1584.98	8415.07
1092371	202417	0754		8Q	334007.00	27499.95	0.00	0.00	0.00	5519.94	896.73	0.00	0.00	0.00	0.00	0.00	0.00	0.00	0.00	724.84	0.00	0.00	27499.95	7141.51	20358.44
1094087	202417	0754		8Q	336148.00	42499.95	0.00	0.00	0.00	10019.94	1110.26	0.00	0.00	0.00	0.00	0.00	0.00	0.00	0.00	0.00	0.00	0.00	42499.95	11130.20	31369.75
1094093	202417	0754		8Q	334004.00	15000.00	0.00	0.00	0.00	2380.94	417.80	2250.00	3888.29	990.68	15.00	0.00	0.00	0.00	0.00	0.00	0.00	0.00	15000.00	9942.71	5057.29
1094096	202417	0754		8Q	335970.00	139999.95	0.00	0.00	0.00	42705.58	1110.26	0.00	0.00	0.00	0.00	0.00	0.00	0.00	0.00	0.00	0.00	0.00	139999.95	43815.84	96184.11
1094737	202417	0754		8Q	334004.00	7800.00	0.00	0.00	0.00	843.02	207.88	0.00	0.00	0.00	0.00	0.00	0.00	0.00	0.00	0.00	0.00	0.00	7800.00	1050.90	6749.10
1094741	202417	0754		8Q	335981.00	62500.05	0.00	0.00	0.00	16355.61	1110.26	0.00	0.00	0.00	0.00	0.00	0.00	0.00	0.00	0.00	0.00	0.00	62500.05	17465.87	45034.18
1095202	202417	0754		8Q	336282.00	39000.00	0.00	0.00	0.00	8969.95	1110.26	0.00	0.00	0.00	0.00	0.00	0.00	0.00	0.00	0.00	0.00	0.00	39000.00	10080.21	28919.79
1095259	202417	0754		8Q	335976.00	4999.95	0.00	0.00	0.00	387.51	166.86	0.00	0.00	0.00	0.00	0.00	0.00	0.00	0.00	0.00	0.00	0.00	4999.95	554.37	4445.58
1095264	202417	0754		8Q	335981.00	55000.05	0.00	0.00	0.00	13942.29	1110.26	0.00	0.00	0.00	0.00	0.00	0.00	0.00	0.00	0.00	0.00	0.00	55000.05	15052.55	39947.50
1095265	202417	0754		8Q	336050.00	6150.00	0.00	0.00	0.00	546.48	215.32	1230.00	0.00	0.00	0.00	0.00	0.00	0.00	0.00	53.58	0.00	0.00	6150.00	2045.38	4104.62
1096339	202417	0754		8Q	334007.00	31500.00	0.00	0.00	0.00	6719.95	898.88	0.00	0.00	0.00	0.00	0.00	0.00	0.00	0.00	0.00	0.00	0.00	31500.00	7618.83	23881.17
1096889	202417	0754		8Q	336287.00	32500.05	0.00	0.00	0.00	7019.97	928.05	0.00	0.00	0.00	0.00	0.00	0.00	0.00	0.00	0.00	0.00	0.00	32500.05	7948.02	24552.03
1096915	202417	0754		8Q	336282.00	40000.05	0.00	0.00	0.00	9269.97	1110.26	0.00	0.00	0.00	0.00	0.00	0.00	0.00	0.00	0.00	0.00	0.00	40000.05	10380.23	29619.82
1097533	202417	0754		8Q	335981.00	15000.00	0.00	0.00	0.00	2380.94	417.80	0.00	0.00	0.00	0.00	0.00	0.00	0.00	0.00	0.00	0.00	0.00	15000.00	2798.74	12201.26
1098288	202417	0754		8Q	335966.00	12499.95	0.00	0.00	0.00	1846.93	531.14	2500.05	0.00	0.00	0.00	0.00	0.00	0.00	0.00	0.00	0.00	0.00	12499.95	4878.12	7621.83
1098293	202417	0754		8Q	336056.00	13500.00	0.00	0.00	0.00	2060.54	374.06	0.00	0.00	0.00	0.00	0.00	0.00	0.00	0.00	0.00	0.00	0.00	13500.00	2434.60	11065.40
1098301	202417	0754		8Q	336050.00	6150.00	0.00	0.00	0.00	546.48	210.06	795.45	1744.00	0.00	15.00	0.00	0.00	0.00	0.00	70.29	0.00	0.00	6150.00	3381.28	2768.72
1098306	202417	0754		8Q	335966.00	17500.05	0.00	0.00	0.00	2960.07	588.91	0.00	0.00	0.00	0.00	0.00	0.00	0.00	0.00	0.00	0.00	0.00	17500.05	3548.98	13951.07
1098964	202417	0754		8Q	335971.00	42499.95	0.00	0.00	0.00	10019.94	1110.26	0.00	0.00	0.00	0.00	0.00	0.00	0.00	0.00	486.52	0.00	0.00	42499.95	11616.72	30883.23
1099558	202417	0754		8Q	334007.00	25000.05	0.00	0.00	0.00	4769.97	709.38	0.00	3631.38	0.00	15.00	0.00	0.00	0.00	0.00	268.90	0.00	0.00	25000.05	9394.63	15605.42
1099864	202417	0754		8Q	335941.00	15000.00	0.00	0.00	0.00	2380.94	614.79	0.00	0.00	0.00	0.00	0.00	0.00	0.00	0.00	0.00	0.00	0.00	15000.00	2995.73	12004.27
1099870	202417	0754		8Q	336056.00	22800.00	0.00	0.00	0.00	4206.62	645.22	0.00	0.00	0.00	0.00	0.00	0.00	0.00	0.00	0.00	0.00	0.00	22800.00	4851.84	17948.16
1099872	202417	0754		8Q	335973.00	49999.95	0.00	0.00	0.00	12342.26	1110.26	0.00	0.00	0.00	0.00	0.00	0.00	0.00	0.00	371.00	0.00	0.00	49999.95	13823.52	36176.43
1099887	202417	0754		8Q	336282.00	72499.95	0.00	0.00	0.00	19755.58	1110.26	0.00	0.00	0.00	0.00	0.00	0.00	0.00	0.00	0.00	0.00	0.00	72499.95	20865.84	51634.11
1101216	202417	0754		8Q	335970.00	60000.00	0.00	0.00	0.00	15542.28	1110.26	0.00	0.00	0.00	0.00	0.00	0.00	0.00	0.00	0.00	0.00	0.00	60000.00	16652.54	43347.46
1101282	202417	0754		8Q	335970.00	37500.00	0.00	0.00	0.00	8519.95	1073.82	0.00	0.00	0.00	0.00	0.00	0.00	0.00	0.00	70.29	0.00	0.00	37500.00	9664.06	27835.94
1101339	202417	0754		8Q	335872.00	45000.00	0.00	0.00	0.00	10769.95	1110.26	0.00	0.00	0.00	0.00	0.00	0.00	0.00	0.00	0.00	0.00	0.00	45000.00	11880.21	33119.79
1101977	202417	0754		8Q	335939.00	25000.05	0.00	0.00	0.00	4769.97	735.24	0.00	2908.04	0.00	15.00	0.00	0.00	0.00	0.00	0.00	0.00	0.00	25000.05	8428.25	16571.80
1102759	202417	0754		8Q	334007.00	37500.00	0.00	0.00	0.00	8519.95	1073.82	0.00	905.77	0.00	15.00	0.00	0.00	0.00	0.00	339.88	0.00	0.00	37500.00	10854.42	26645.58
1103924	202417	0754		8Q	334007.00	30000.00	0.00	0.00	0.00	6269.95	855.15	0.00	0.00	0.00	0.00	0.00	0.00	0.00	0.00	377.06	0.00	0.00	30000.00	7502.16	22497.84
1104799	202417	0754		8Q	336282.00	43999.95	0.00	0.00	0.00	10469.94	1110.26	0.00	0.00	0.00	0.00	0.00	0.00	0.00	0.00	0.00	0.00	0.00	43999.95	11580.20	32419.75
1106206	202417	0754		8Q	336056.00	12499.95	0.00	0.00	0.00	0.00	0.00	0.00	0.00	0.00	0.00	12499.95	0.00	0.00	0.00	0.00	0.00	0.00	12499.95	12499.95	0.00
1106914	202417	0754		8Q	100200.00	34999.95	0.00	0.00	0.00	7769.94	1000.93	0.00	0.00	0.00	0.00	0.00	0.00	0.00	0.00	0.00	0.00	0.00	34999.95	8770.87	26229.08
1106974	202417	0754		8Q	336043.00	4999.95	0.00	0.00	0.00	387.51	126.23	0.00	0.00	0.00	0.00	0.00	0.00	0.00	0.00	0.00	0.00	0.00	4999.95	513.74	4486.21
1106975	202417	0754		8Q	336043.00	4999.95	0.00	0.00	0.00	387.51	126.23	0.00	0.00	0.00	0.00	0.00	0.00	0.00	0.00	0.00	0.00	0.00	4999.95	513.74	4486.21
1109434	202417	0754		8Q	334008.00	25000.05	0.00	0.00	0.00	4769.97	709.38	0.00	0.00	0.00	0.00	0.00	0.00	0.00	0.00	0.00	0.00	0.00	25000.05	5479.35	19520.70
1111238	202417	0754		8Q	334004.00	45000.00	0.00	0.00	0.00	10769.95	1110.26	0.00	5356.84	0.00	15.00	0.00	0.00	0.00	0.00	0.00	0.00	0.00	45000.00	17252.05	27747.95
1113687	202417	0754		8Q	335977.00	37500.00	0.00	0.00	0.00	8519.95	1073.82	0.00	0.00	0.00	0.00	0.00	0.00	0.00	0.00	0.00	0.00	0.00	37500.00	9593.77	27906.23
1113779	202417	0754		8Q	334007.00	49999.95	0.00	0.00	0.00	12342.26	1110.26	0.00	0.00	0.00	0.00	0.00	0.00	0.00	0.00	188.53	0.00	0.00	49999.95	13641.05	36358.90
1117718	202417	0754		8Q	334007.00	30000.00	6000.00	0.00	0.00	7581.39	854.40	0.00	4791.98	0.00	15.00	0.00	0.00	0.00	0.00	0.00	0.00	0.00	36000.00	13242.77	22757.23
1119856	202417	0754		8Q	336287.00	30000.00	0.00	0.00	0.00	6269.95	854.02	0.00	0.00	0.00	0.00	0.00	0.00	0.00	0.00	0.00	0.00	0.00	30000.00	7123.97	22876.03
1121347	202417	0754		8Q	336056.00	34000.05	0.00	0.00	0.00	7469.97	970.48	0.00	0.00	0.00	0.00	0.00	0.00	0.00	0.00	0.00	0.00	0.00	34000.05	8440.45	25559.60
1122986	202417	0754		8Q	336043.00	21000.00	0.00	0.00	0.00	3783.26	591.94	0.00	0.00	0.00	0.00	0.00	0.00	0.00	0.00	0.00	0.00	0.00	21000.00	4375.20	16624.80
1123367	202417	0754		8Q	336279.00	6000.00	0.00	0.00	0.00	522.48	155.17	0.00	0.00	0.00	0.00	0.00	0.00	0.00	0.00	0.00	0.00	0.00	6000.00	677.65	5322.35
1124175	202417	0754		8Q	336280.00	17500.05	0.00	0.00	0.00	2960.07	490.03	0.00	1045.16	0.00	15.00	0.00	0.00	0.00	0.00	0.00	0.00	0.00	17500.05	4510.26	12989.79
1127221	202417	0754		8Q	335975.00	12499.95	0.00	0.00	0.00	1846.93	344.44	0.00	0.00	0.00	0.00	0.00	0.00	0.00	0.00	0.00	0.00	0.00	12499.95	2191.37	10308.58
1130486	202417	0754		8Q	334007.00	10000.05	0.00	0.00	0.00	1312.95	271.64	0.00	0.00	0.00	0.00	0.00	0.00	0.00	0.00	0.00	0.00	0.00	10000.05	1584.59	8415.46
1132815	202417	0754		8Q	335977.00	42499.95	0.00	0.00	0.00	10019.94	1110.26	0.00	0.00	0.00	0.00	0.00	0.00	0.00	0.00	0.00	0.00	0.00	42499.95	11130.20	31369.75
1132828	202417	0754		8Q	334004.00	37500.00	0.00	0.00	0.00	8519.95	1072.39	0.00	0.00	0.00	0.00	0.00	0.00	0.00	0.00	0.00	0.00	0.00	37500.00	9592.34	27907.66
1135829	202417	0754		8Q	335961.00	6000.00	0.00	0.00	0.00	522.48	155.17	0.00	0.00	0.00	0.00	0.00	0.00	0.00	0.00	0.00	0.00	0.00	6000.00	677.65	5322.35
1135837	202417	0754		8Q	335966.00	17500.05	0.00	0.00	0.00	2960.07	902.82	0.00	0.00	0.00	0.00	0.00	0.00	0.00	0.00	0.00	0.00	0.00	17500.05	3862.89	13637.16
1137211	202417	0754		8Q	336287.00	27499.95	0.00	0.00	0.00	5519.94	781.21	0.00	0.00	0.00	0.00	0.00	0.00	0.00	0.00	0.00	0.00	0.00	27499.95	6301.15	21198.80
1137234	202417	0754		8Q	335872.00	64999.95	0.00	0.00	0.00	17205.58	1110.26	0.00	1216.11	0.00	15.00	0.00	0.00	0.00	0.00	0.00	0.00	0.00	64999.95	19546.95	45453.00
1137239	202417	0754		8Q	336287.00	22500.00	0.00	0.00	0.00	4136.06	635.63	0.00	0.00	0.00	0.00	0.00	0.00	0.00	0.00	0.00	0.00	0.00	22500.00	4771.69	17728.31
1138421	202417	0754		8Q	334005.00	4875.00	0.00	0.00	0.00	373.92	122.41	0.00	0.00	0.00	0.00	0.00	0.00	0.00	0.00	0.00	0.00	0.00	4875.00	496.33	4378.67
1138465	202417	0754		8Q	336056.00	12499.95	0.00	0.00	0.00	1846.93	344.44	0.00	0.00	0.00	0.00	0.00	0.00	0.00	0.00	0.00	0.00	0.00	12499.95	2191.37	10308.58
1139117	202417	0754		8Q	334002.00	34999.95	0.00	0.00	0.00	7769.94	1110.26	0.00	0.00	0.00	0.00	0.00	0.00	0.00	0.00	0.00	0.00	0.00	34999.95	8880.20	26119.75
1139132	202417	0754		8Q	334008.00	32500.05	0.00	0.00	0.00	7019.97	926.82	0.00	0.00	0.00	0.00	0.00	0.00	0.00	0.00	0.00	0.00	0.00	32500.05	7946.79	24553.26
1139829	202417	0754		8Q	336147.00	15000.00	0.00	0.00	0.00	2380.94	417.23	0.00	0.00	0.00	0.00	0.00	0.00	0.00	0.00	0.00	0.00	0.00	15000.00	2798.17	12201.83
1140474	202417	0754		8Q	335981.00	15000.00	0.00	0.00	0.00	2380.94	417.23	0.00	0.00	0.00	0.00	0.00	0.00	0.00	0.00	0.00	0.00	0.00	15000.00	2798.17	12201.83
1140517	202417	0754		8Q	336280.00	17500.05	0.00	0.00	0.00	2960.07	490.03	0.00	0.00	0.00	0.00	0.00	0.00	0.00	0.00	0.00	0.00	0.00	17500.05	3450.10	14049.95
1141848	202417	0754		8Q	334007.00	23749.95	0.00	0.00	0.00	4430.05	672.01	0.00	0.00	0.00	0.00	0.00	0.00	0.00	0.00	0.00	0.00	0.00	23749.95	5102.06	18647.89
1142584	202417	0754		8Q	336282.00	37500.00	0.00	0.00	0.00	8519.95	1072.39	0.00	0.00	0.00	0.00	0.00	0.00	0.00	0.00	0.00	0.00	0.00	37500.00	9592.34	27907.66
1142586	202417	0754		8Q	335977.00	57499.95	0.00	0.00	0.00	14742.26	1110.26	0.00	6824.52	715.17	15.00	0.00	0.00	0.00	0.00	0.00	0.00	0.00	57499.95	23407.21	34092.74
1143091	202417	0754		8Q	335939.00	22500.00	0.00	0.00	0.00	4136.06	947.81	0.00	0.00	0.00	0.00	0.00	0.00	0.00	0.00	0.00	0.00	0.00	22500.00	5083.87	17416.13
1143100	202417	0754		8Q	336056.00	10000.05	0.00	0.00	0.00	1312.95	271.64	0.00	0.00	0.00	0.00	0.00	0.00	0.00	0.00	0.00	0.00	0.00	10000.05	1584.59	8415.46
1143106	202417	0754		8Q	335972.00	45000.00	0.00	0.00	0.00	10769.95	1110.26	0.00	1310.35	0.00	15.00	0.00	0.00	0.00	0.00	0.00	0.00	0.00	45000.00	13205.56	31794.44
1144355	202417	0754		8Q	336056.00	17500.05	0.00	0.00	0.00	2960.07	576.75	0.00	0.00	0.00	0.00	0.00	0.00	0.00	0.00	0.00	0.00	0.00	17500.05	3536.82	13963.23
1144357	202417	0754		8Q	335941.00	12499.95	0.00	0.00	0.00	1846.93	517.87	0.00	0.00	0.00	0.00	0.00	0.00	0.00	0.00	0.00	0.00	0.00	12499.95	2364.80	10135.15
1144368	202417	0754		8Q	336043.00	4999.95	0.00	0.00	0.00	387.51	126.04	0.00	0.00	0.00	0.00	0.00	0.00	0.00	0.00	0.00	0.00	0.00	4999.95	513.55	4486.40
1144392	202417	0754		8Q	336043.00	4999.95	0.00	0.00	0.00	387.51	126.04	0.00	0.00	0.00	0.00	0.00	0.00	0.00	0.00	0.00	0.00	0.00	4999.95	513.55	4486.40
1144461	202417	0754		8Q	334008.00	34000.05	0.00	0.00	0.00	7469.97	970.48	0.00	0.00	0.00	0.00	0.00	0.00	0.00	0.00	0.00	0.00	0.00	34000.05	8440.45	25559.60
1146661	202417	0754		8Q	334007.00	34999.95	0.00	0.00	0.00	7769.94	999.61	0.00	0.00	0.00	0.00	0.00	0.00	0.00	0.00	0.00	0.00	0.00	34999.95	8769.55	26230.40
1147307	202417	0754		8Q	335977.00	42499.95	0.00	0.00	0.00	10019.94	1110.26	0.00	0.00	0.00	0.00	0.00	0.00	0.00	0.00	0.00	0.00	0.00	42499.95	11130.20	31369.75
1147313	202417	0754		8Q	335977.00	54000.00	0.00	0.00	0.00	13622.28	1110.26	0.00	0.00	0.00	0.00	0.00	0.00	0.00	0.00	0.00	0.00	0.00	54000.00	14732.54	39267.46
1147321	202417	0754		8Q	336056.00	42499.95	0.00	0.00	0.00	10019.94	1110.26	0.00	0.00	0.00	0.00	0.00	0.00	0.00	0.00	0.00	0.00	0.00	42499.95	11130.20	31369.75
1147335	202417	0754		8Q	335981.00	34999.95	0.00	0.00	0.00	7769.94	999.61	0.00	0.00	0.00	0.00	0.00	0.00	0.00	0.00	0.00	0.00	0.00	34999.95	8769.55	26230.40
1147359	202417	0754		8Q	336281.00	43000.05	0.00	0.00	0.00	10169.97	1110.26	0.00	0.00	0.00	0.00	0.00	0.00	0.00	0.00	0.00	0.00	0.00	43000.05	11280.23	31719.82
1148032	202417	0754		8Q	336282.00	25000.05	0.00	0.00	0.00	4769.97	708.42	0.00	0.00	0.00	0.00	0.00	0.00	0.00	0.00	0.00	0.00	0.00	25000.05	5478.39	19521.66
1148291	202417	0754		8Q	334003.00	52500.00	0.00	0.00	0.00	13142.28	1110.26	0.00	0.00	0.00	0.00	0.00	0.00	0.00	0.00	0.00	0.00	0.00	52500.00	14252.54	38247.46
1148720	202417	0754		8Q	336043.00	4999.95	0.00	0.00	0.00	387.51	126.04	0.00	0.00	0.00	0.00	0.00	0.00	0.00	0.00	0.00	0.00	0.00	4999.95	513.55	4486.40
1148727	202417	0754		8Q	335977.00	34999.95	0.00	0.00	0.00	7769.94	999.61	0.00	5076.53	693.70	15.00	0.00	0.00	0.00	0.00	0.00	0.00	0.00	34999.95	14554.78	20445.17
1149445	202417	0754		8Q	335972.00	6499.95	0.00	0.00	0.00	604.64	171.35	0.00	0.00	0.00	0.00	0.00	0.00	0.00	0.00	0.00	0.00	0.00	6499.95	775.99	5723.96
1149456	202417	0754		8Q	335966.00	30000.00	0.00	0.00	0.00	6269.95	854.02	0.00	0.00	0.00	0.00	0.00	0.00	0.00	0.00	0.00	0.00	0.00	30000.00	7123.97	22876.03
1150243	202417	0754		8Q	334003.00	62500.05	0.00	0.00	0.00	16355.61	1110.26	0.00	0.00	0.00	0.00	0.00	0.00	0.00	0.00	0.00	0.00	0.00	62500.05	17465.87	45034.18
1150248	202417	0754		8Q	100200.00	45000.00	0.00	0.00	0.00	10769.95	1110.26	0.00	0.00	0.00	0.00	0.00	0.00	0.00	0.00	0.00	0.00	0.00	45000.00	11880.21	33119.79
1150279	202417	0754		8Q	335977.00	34999.95	0.00	0.00	0.00	7769.94	999.61	0.00	0.00	0.00	0.00	0.00	0.00	0.00	0.00	0.00	0.00	0.00	34999.95	8769.55	26230.40
1151033	202417	0754		8Q	336056.00	22500.00	0.00	0.00	0.00	4136.06	635.63	0.00	0.00	0.00	0.00	0.00	0.00	0.00	0.00	0.00	0.00	0.00	22500.00	4771.69	17728.31
1151098	202417	0754		8Q	334002.00	34999.95	0.00	0.00	0.00	7769.94	999.61	0.00	0.00	0.00	0.00	0.00	0.00	0.00	0.00	0.00	0.00	0.00	34999.95	8769.55	26230.40
1151349	202417	0754		8Q	100200.00	13999.95	0.00	0.00	0.00	2167.33	388.13	0.00	0.00	0.00	0.00	0.00	0.00	0.00	0.00	0.00	0.00	0.00	13999.95	2555.46	11444.49
1151734	202417	0754		8Q	335962.00	10000.05	0.00	0.00	0.00	1312.95	271.64	0.00	0.00	0.00	0.00	0.00	0.00	0.00	0.00	0.00	0.00	0.00	10000.05	1584.59	8415.46
1151747	202417	0754		8Q	336050.00	12499.95	0.00	0.00	0.00	1846.93	344.44	0.00	0.00	0.00	0.00	0.00	0.00	0.00	0.00	0.00	0.00	0.00	12499.95	2191.37	10308.58
1152484	202417	0754		8Q	336041.00	6150.00	0.00	0.00	0.00	546.48	159.53	0.00	0.00	0.00	0.00	0.00	0.00	0.00	0.00	0.00	0.00	0.00	6150.00	706.01	5443.99
1152505	202417	0754		8Q	335962.00	13000.05	0.00	0.00	0.00	1953.75	358.99	0.00	0.00	0.00	0.00	0.00	0.00	0.00	0.00	0.00	0.00	0.00	13000.05	2312.74	10687.31
1153342	202417	0754		8Q	335943.00	11666.62	0.00	0.00	0.00	1668.93	321.48	0.00	0.00	0.00	0.00	0.00	0.00	0.00	0.00	0.00	0.00	0.00	11666.62	1990.41	9676.21
1153372	202417	0754		8Q	334008.00	8400.00	0.00	0.00	0.00	971.18	226.36	0.00	0.00	0.00	0.00	0.00	0.00	0.00	0.00	0.00	0.00	0.00	8400.00	1197.54	7202.46
1154178	202417	0754		8Q	335966.00	5833.31	0.00	0.00	0.00	495.81	160.73	0.00	0.00	0.00	0.00	0.00	0.00	0.00	0.00	0.00	0.00	0.00	5833.31	656.54	5176.77
1154189	202417	0754		8Q	334002.00	16333.31	0.00	0.00	0.00	2685.65	466.49	0.00	0.00	0.00	0.00	0.00	0.00	0.00	0.00	0.00	0.00	0.00	16333.31	3152.14	13181.17
982228	202417	0764		8R	100200.00	9750.00	0.00	0.00	0.00	1259.54	625.76	0.00	0.00	0.00	0.00	0.00	0.00	0.00	0.00	0.00	0.00	0.00	9750.00	1885.30	7864.70
983036	202417	0764		8R	100200.00	23500.05	0.00	0.00	0.00	4371.27	677.25	0.00	0.00	0.00	0.00	0.00	0.00	0.00	0.00	0.00	0.00	0.00	23500.05	5048.52	18451.53
1025211	202417	0764		8R	100200.00	15000.00	0.00	0.00	0.00	2380.94	424.65	0.00	0.00	0.00	0.00	0.00	0.00	0.00	0.00	0.00	0.00	0.00	15000.00	2805.59	12194.41
1025236	202417	0764		8R	334205.00	10984.95	0.00	0.00	0.00	1523.32	583.27	0.00	0.00	0.00	0.00	0.00	0.00	0.00	0.00	0.00	0.00	0.00	10984.95	2106.59	8878.36
1049707	202417	0764		8R	336281.00	15000.00	0.00	0.00	0.00	2380.94	418.37	0.00	0.00	0.00	0.00	0.00	0.00	0.00	0.00	0.00	0.00	0.00	15000.00	2799.31	12200.69
1060813	202417	0764		8R	334205.00	4999.95	0.00	0.00	0.00	387.51	515.99	0.00	0.00	0.00	0.00	0.00	0.00	0.00	0.00	0.00	0.00	0.00	4999.95	903.50	4096.45
1098316	202417	0764		8R	336281.00	15000.00	0.00	0.00	0.00	2380.94	417.80	0.00	0.00	0.00	0.00	0.00	0.00	0.00	0.00	0.00	0.00	0.00	15000.00	2798.74	12201.26
1113832	202417	0764		8R	334207.00	19999.95	0.00	0.00	0.00	3548.05	563.58	0.00	1273.24	0.00	15.00	0.00	0.00	0.00	0.00	0.00	0.00	0.00	19999.95	5399.87	14600.08
1122134	202417	0764		8R	334205.00	10999.95	0.00	0.00	0.00	1526.53	578.26	0.00	0.00	0.00	0.00	0.00	0.00	0.00	0.00	0.00	0.00	0.00	10999.95	2104.79	8895.16
1128725	202417	0764		8R	335954.00	30000.00	0.00	0.00	0.00	6269.95	1110.26	0.00	0.00	0.00	0.00	0.00	0.00	0.00	0.00	0.00	0.00	0.00	30000.00	7380.21	22619.79
1130490	202417	0764		8R	334205.00	4999.95	0.00	0.00	0.00	387.51	285.58	0.00	0.00	0.00	0.00	0.00	0.00	0.00	0.00	0.00	0.00	0.00	4999.95	673.09	4326.86
1132806	202417	0764		8R	336043.00	4999.95	0.00	0.00	0.00	387.51	209.43	0.00	0.00	0.00	0.00	0.00	0.00	0.00	0.00	0.00	0.00	0.00	4999.95	596.94	4403.01
1134312	202417	0764		8R	335951.00	9750.00	0.00	0.00	0.00	1259.54	530.67	180.15	0.00	0.00	0.00	0.00	0.00	0.00	0.00	0.00	0.00	0.00	9750.00	1970.36	7779.64
1135788	202417	0764		8R	334205.00	4999.95	0.00	0.00	0.00	387.51	212.76	0.00	0.00	0.00	0.00	0.00	0.00	0.00	0.00	0.00	0.00	0.00	4999.95	600.27	4399.68
1135799	202417	0764		8R	336043.00	4999.95	0.00	0.00	0.00	387.51	207.49	0.00	0.00	0.00	0.00	0.00	0.00	0.00	0.00	0.00	0.00	0.00	4999.95	595.00	4404.95
1135847	202417	0764		8R	100200.00	17500.05	0.00	0.00	0.00	2960.07	490.03	0.00	0.00	0.00	0.00	0.00	0.00	0.00	0.00	0.00	0.00	0.00	17500.05	3450.10	14049.95
1136600	202417	0764		8R	334205.00	15000.00	0.00	0.00	0.00	2380.94	472.73	0.00	0.00	0.00	0.00	0.00	0.00	0.00	0.00	0.00	0.00	0.00	15000.00	2853.67	12146.33
1136606	202417	0764		8R	335976.00	34999.95	0.00	0.00	0.00	7769.94	999.61	0.00	0.00	0.00	0.00	0.00	0.00	0.00	0.00	0.00	0.00	0.00	34999.95	8769.55	26230.40
1138476	202417	0764		8R	334205.00	4999.95	0.00	0.00	0.00	387.51	209.92	0.00	0.00	0.00	0.00	0.00	0.00	0.00	0.00	0.00	0.00	0.00	4999.95	597.43	4402.52
1139798	202417	0764		8R	334205.00	10999.95	0.00	0.00	0.00	1526.53	354.18	0.00	0.00	0.00	0.00	0.00	0.00	0.00	0.00	0.00	0.00	0.00	10999.95	1880.71	9119.24
1140492	202417	0764		8R	335950.00	57499.95	0.00	0.00	0.00	14742.26	1110.26	0.00	0.00	0.00	0.00	0.00	0.00	0.00	0.00	0.00	0.00	0.00	57499.95	15852.52	41647.43
1142468	202417	0764		8R	335976.00	22500.00	0.00	0.00	0.00	4136.06	635.63	0.00	0.00	0.00	0.00	0.00	0.00	0.00	0.00	0.00	0.00	0.00	22500.00	4771.69	17728.31
1144359	202417	0764		8R	334205.00	4999.95	0.00	0.00	0.00	387.51	126.04	0.00	0.00	0.00	0.00	0.00	0.00	0.00	0.00	0.00	0.00	0.00	4999.95	513.55	4486.40
1145773	202417	0764		8R	335954.00	9750.00	0.00	0.00	0.00	1259.54	332.01	0.00	0.00	0.00	0.00	0.00	0.00	0.00	0.00	0.00	0.00	0.00	9750.00	1591.55	8158.45
1148724	202417	0764		8R	334205.00	10999.95	0.00	0.00	0.00	1526.53	300.76	0.00	0.00	0.00	0.00	0.00	0.00	0.00	0.00	0.00	0.00	0.00	10999.95	1827.29	9172.66
1149424	202417	0764		8R	334205.00	4999.95	0.00	0.00	0.00	387.51	126.04	0.00	0.00	0.00	0.00	0.00	0.00	0.00	0.00	0.00	0.00	0.00	4999.95	513.55	4486.40
1153361	202417	0764		8R	334205.00	7000.00	0.00	0.00	0.00	694.25	185.58	0.00	0.00	0.00	0.00	0.00	0.00	0.00	0.00	0.00	0.00	0.00	7000.00	879.83	6120.17
